<?xml version="1.0"?>
<opencv_storage>
<viff000_matrix type_id="opencv-matrix">
  <rows>3</rows>
  <cols>4</cols>
  <dt>f</dt>
  <data>
    1.77160596e+03 6.30824158e+02 -3.54334984e+01 4.40865352e+04
    6.31141548e+01 1.00292358e+01 -1.79691895e+03 4.57416992e+04
    2.09611859e-02 9.89120603e-01 -1.45605952e-01 6.41190872e+01</data></viff000_matrix>
<viff001_matrix type_id="opencv-matrix">
  <rows>3</rows>
  <cols>4</cols>
  <dt>f</dt>
  <data>
    1.63615967e+03 9.27216919e+02 -3.21389313e+01 4.41105195e+04
    6.86177902e+01 1.27236328e+01 -1.79670007e+03 4.57409688e+04
    -1.49539739e-01 9.77208138e-01 -1.50672138e-01 6.41518250e+01</data></viff001_matrix>
<viff002_matrix type_id="opencv-matrix">
  <rows>3</rows>
  <cols>4</cols>
  <dt>f</dt>
  <data>
    1.45376917e+03 1.19299207e+03 -3.32799377e+01 4.41778750e+04
    7.26545792e+01 1.37467346e+01 -1.79653381e+03 4.57875625e+04
    -3.13717693e-01 9.36376452e-01 -1.57417625e-01 6.42410202e+01</data></viff002_matrix>
<viff003_matrix type_id="opencv-matrix">
  <rows>3</rows>
  <cols>4</cols>
  <dt>f</dt>
  <data>
    1.22267615e+03 1.42875171e+03 -3.89154434e+01 4.42945273e+04
    7.52270660e+01 1.39451752e+01 -1.79642639e+03 4.58768555e+04
    -4.72200096e-01 8.65919411e-01 -1.64956391e-01 6.43849030e+01</data></viff003_matrix>
<viff004_matrix type_id="opencv-matrix">
  <rows>3</rows>
  <cols>4</cols>
  <dt>f</dt>
  <data>
    9.54701782e+02 1.61989795e+03 -4.75165482e+01 4.43818125e+04
    7.64429169e+01 1.44908447e+01 -1.79637073e+03 4.59299648e+04
    -6.15614116e-01 7.69070148e-01 -1.71902180e-01 6.44778519e+01</data></viff004_matrix>
<viff005_matrix type_id="opencv-matrix">
  <rows>3</rows>
  <cols>4</cols>
  <dt>f</dt>
  <data>
    6.51349731e+02 1.76354541e+03 -5.85948982e+01 4.44258516e+04
    7.61137085e+01 1.52964630e+01 -1.79637805e+03 4.59446992e+04
    -7.42290854e-01 6.46042168e-01 -1.77858740e-01 6.45198364e+01</data></viff005_matrix>
<viff006_matrix type_id="opencv-matrix">
  <rows>3</rows>
  <cols>4</cols>
  <dt>f</dt>
  <data>
    3.32830444e+02 1.84990625e+03 -6.96623840e+01 4.44046406e+04
    7.45216522e+01 1.72250595e+01 -1.79642737e+03 4.58889609e+04
    -8.43647659e-01 5.05087435e-01 -1.82058603e-01 6.44643173e+01</data></viff006_matrix>
<viff007_matrix type_id="opencv-matrix">
  <rows>3</rows>
  <cols>4</cols>
  <dt>f</dt>
  <data>
    6.01763916e+00 1.87920886e+03 -7.94990387e+01 4.43540312e+04
    7.23273773e+01 2.05178680e+01 -1.79648242e+03 4.57915234e+04
    -9.18452978e-01 3.49660039e-01 -1.84883624e-01 6.43470230e+01</data></viff007_matrix>
<viff008_matrix type_id="opencv-matrix">
  <rows>3</rows>
  <cols>4</cols>
  <dt>f</dt>
  <data>
    -3.19850739e+02 1.85141089e+03 -8.80668411e+01 4.43103438e+04
    6.98209534e+01 2.48075771e+01 -1.79652747e+03 4.57005703e+04
    -9.64950919e-01 1.84270069e-01 -1.86853632e-01 6.42419281e+01</data></viff008_matrix>
<viff009_matrix type_id="opencv-matrix">
  <rows>3</rows>
  <cols>4</cols>
  <dt>f</dt>
  <data>
    -6.29553894e+02 1.76979932e+03 -9.62021027e+01 4.43121758e+04
    6.81113892e+01 2.93036118e+01 -1.79652539e+03 4.56517422e+04
    -9.81860995e-01 1.69249196e-02 -1.88845173e-01 6.41899567e+01</data></viff009_matrix>
<viff010_matrix type_id="opencv-matrix">
  <rows>3</rows>
  <cols>4</cols>
  <dt>f</dt>
  <data>
    -9.25572510e+02 1.63406177e+03 -1.04595551e+02 4.43685039e+04
    6.70481262e+01 3.42493362e+01 -1.79647803e+03 4.56524883e+04
    -9.69489157e-01 -1.53639317e-01 -1.91012457e-01 6.41986160e+01</data></viff010_matrix>
<viff011_matrix type_id="opencv-matrix">
  <rows>3</rows>
  <cols>4</cols>
  <dt>f</dt>
  <data>
    -1.18910645e+03 1.45287427e+03 -1.13862534e+02 4.44826016e+04
    6.67719879e+01 3.90044327e+01 -1.79639124e+03 4.57218750e+04
    -9.28646684e-01 -3.16623420e-01 -1.93300024e-01 6.42995529e+01</data></viff011_matrix>
<viff012_matrix type_id="opencv-matrix">
  <rows>3</rows>
  <cols>4</cols>
  <dt>f</dt>
  <data>
    -1.42587927e+03 1.22020630e+03 -1.25488853e+02 4.46311875e+04
    6.68986359e+01 4.24386444e+01 -1.79630872e+03 4.58263320e+04
    -8.57491791e-01 -4.76072550e-01 -1.95096806e-01 6.44386673e+01</data></viff012_matrix>
<viff013_matrix type_id="opencv-matrix">
  <rows>3</rows>
  <cols>4</cols>
  <dt>f</dt>
  <data>
    -1.61722998e+03 9.50407471e+02 -1.38113037e+02 4.47412266e+04
    6.66530304e+01 4.36799011e+01 -1.79628796e+03 4.59030625e+04
    -7.59776890e-01 -6.20193660e-01 -1.95189536e-01 6.45408325e+01</data></viff013_matrix>
<viff014_matrix type_id="opencv-matrix">
  <rows>3</rows>
  <cols>4</cols>
  <dt>f</dt>
  <data>
    -1.75801782e+03 6.51499268e+02 -1.50679031e+02 4.48122266e+04
    6.66216583e+01 4.33908844e+01 -1.79629639e+03 4.59421914e+04
    -6.38447285e-01 -7.44921863e-01 -1.93588585e-01 6.45854263e+01</data></viff014_matrix>
<viff015_matrix type_id="opencv-matrix">
  <rows>3</rows>
  <cols>4</cols>
  <dt>f</dt>
  <data>
    -1.84465857e+03 3.30790161e+02 -1.59984360e+02 4.48016055e+04
    6.47693939e+01 4.20001373e+01 -1.79639709e+03 4.59039727e+04
    -4.96622860e-01 -8.47001493e-01 -1.89615846e-01 6.45204239e+01</data></viff015_matrix>
<viff016_matrix type_id="opencv-matrix">
  <rows>3</rows>
  <cols>4</cols>
  <dt>f</dt>
  <data>
    -1.87360754e+03 4.41033936e+00 -1.65401840e+02 4.47493516e+04
    6.16554260e+01 3.97902985e+01 -1.79655688e+03 4.58223281e+04
    -3.41523975e-01 -9.21680689e-01 -1.84027538e-01 6.43936920e+01</data></viff016_matrix>
<viff017_matrix type_id="opencv-matrix">
  <rows>3</rows>
  <cols>4</cols>
  <dt>f</dt>
  <data>
    -1.84525049e+03 -3.23795349e+02 -1.67300018e+02 4.46919023e+04
    5.77973175e+01 3.74682617e+01 -1.79673511e+03 4.57411484e+04
    -1.75024480e-01 -9.68394578e-01 -1.77702978e-01 6.42621689e+01</data></viff017_matrix>
<viff018_matrix type_id="opencv-matrix">
  <rows>3</rows>
  <cols>4</cols>
  <dt>f</dt>
  <data>
    -1.76347424e+03 -6.32808777e+02 -1.65813385e+02 4.46704297e+04
    5.29787254e+01 3.58952332e+01 -1.79691577e+03 4.57037109e+04
    -8.16058367e-03 -9.85101163e-01 -1.71782106e-01 6.41900177e+01</data></viff018_matrix>
<viff019_matrix type_id="opencv-matrix">
  <rows>3</rows>
  <cols>4</cols>
  <dt>f</dt>
  <data>
    -1.62719312e+03 -9.29222534e+02 -1.63003540e+02 4.46900625e+04
    4.85406380e+01 3.45794983e+01 -1.79706689e+03 4.57156953e+04
    1.62605703e-01 -9.72597480e-01 -1.66173071e-01 6.41788101e+01</data></viff019_matrix>
<viff020_matrix type_id="opencv-matrix">
  <rows>3</rows>
  <cols>4</cols>
  <dt>f</dt>
  <data>
    -1.44228088e+03 -1.19675928e+03 -1.59296600e+02 4.47534414e+04
    4.42070389e+01 3.40218201e+01 -1.79718945e+03 4.57919922e+04
    3.28169823e-01 -9.30730283e-01 -1.61386952e-01 6.42543411e+01</data></viff020_matrix>
<viff021_matrix type_id="opencv-matrix">
  <rows>3</rows>
  <cols>4</cols>
  <dt>f</dt>
  <data>
    -1.20843909e+03 -1.43281396e+03 -1.56529694e+02 4.48197422e+04
    4.19976578e+01 3.40301514e+01 -1.79724219e+03 4.58792773e+04
    4.87434685e-01 -8.58981669e-01 -1.56709746e-01 6.43438034e+01</data></viff021_matrix>
<viff022_matrix type_id="opencv-matrix">
  <rows>3</rows>
  <cols>4</cols>
  <dt>f</dt>
  <data>
    -9.40078613e+02 -1.62191479e+03 -1.53059082e+02 4.48468047e+04
    4.10089569e+01 3.37414093e+01 -1.79727051e+03 4.59446172e+04
    6.30004704e-01 -7.61619389e-01 -1.51756495e-01 6.44020691e+01</data></viff022_matrix>
<viff023_matrix type_id="opencv-matrix">
  <rows>3</rows>
  <cols>4</cols>
  <dt>f</dt>
  <data>
    -6.41150024e+02 -1.76200586e+03 -1.48472870e+02 4.48045586e+04
    4.18242493e+01 3.30408630e+01 -1.79726477e+03 4.59488047e+04
    7.54164338e-01 -6.40237868e-01 -1.46053523e-01 6.43800201e+01</data></viff023_matrix>
<viff024_matrix type_id="opencv-matrix">
  <rows>3</rows>
  <cols>4</cols>
  <dt>f</dt>
  <data>
    -3.19522461e+02 -1.84820264e+03 -1.40835297e+02 4.46890742e+04
    4.34365234e+01 3.10721741e+01 -1.79726160e+03 4.58865859e+04
    8.55947793e-01 -4.97817516e-01 -1.39753759e-01 6.42685242e+01</data></viff024_matrix>
