<?xml version="1.0"?>
<opencv_storage>
<K_matrix type_id="opencv-matrix">
  <rows>3</rows>
  <cols>3</cols>
  <dt>f</dt>
  <data>
    1639.0853318310105 0. 639.58534155982125
    0. 1643.5983029148408 479.85612566487151 
    0. 0. 1.</data></K_matrix>
</opencv_storage>
