<?xml version="1.0"?>
<opencv_storage>
<viff000_matrix type_id="opencv-matrix">
  <rows>3</rows>
  <cols>4</cols>
  <dt>f</dt>
  <data>
    1.11154297e+03 -1.36178320e+03 -7.54227142e+01 38418. 1.59817780e+02
    -5.05645752e-01 -1.70473901e+03 4.05268516e+04 9.33105886e-01
    3.02721590e-01 -1.94095582e-01 5.67414627e+01</data></viff000_matrix>
<viff001_matrix type_id="opencv-matrix">
  <rows>3</rows>
  <cols>4</cols>
  <dt>f</dt>
  <data>
    1.32916113e+03 -1.15093237e+03 -6.59980240e+01 3.84409453e+04
    1.60760590e+02 1.67393799e+01 -1.70456824e+03 4.05923125e+04
    8.67571533e-01 4.57402825e-01 -1.95197925e-01 5.68376198e+01</data></viff001_matrix>
<viff002_matrix type_id="opencv-matrix">
  <rows>3</rows>
  <cols>4</cols>
  <dt>f</dt>
  <data>
    1.50966235e+03 -9.01755981e+02 -5.85297623e+01 3.84846094e+04
    1.58026459e+02 3.48482208e+01 -1.70454993e+03 4.06723789e+04
    7.74775922e-01 6.00626945e-01 -1.97407112e-01 5.69579391e+01</data></viff002_matrix>
<viff003_matrix type_id="opencv-matrix">
  <rows>3</rows>
  <cols>4</cols>
  <dt>f</dt>
  <data>
    1.64318030e+03 -6.26729370e+02 -5.32796097e+01 3.85097969e+04
    1.51833847e+02 5.32986145e+01 -1.70463574e+03 4.07317109e+04
    6.59210443e-01 7.24840224e-01 -2.00120598e-01 5.70513992e+01</data></viff003_matrix>
<viff004_matrix type_id="opencv-matrix">
  <rows>3</rows>
  <cols>4</cols>
  <dt>f</dt>
  <data>
    1.72804895e+03 -3.27356445e+02 -4.85255814e+01 3.84659570e+04
    1.43411316e+02 7.21932068e+01 -1.70466956e+03 4.07154102e+04
    5.21456420e-01 8.28895748e-01 -2.02521786e-01 5.70388451e+01</data></viff004_matrix>
<viff005_matrix type_id="opencv-matrix">
  <rows>3</rows>
  <cols>4</cols>
  <dt>f</dt>
  <data>
    1.75870911e+03 -2.50592651e+01 -4.45456314e+01 3.84156094e+04
    1.32602768e+02 8.93521423e+01 -1.70473157e+03 4.06831680e+04
    3.71374458e-01 9.05539036e-01 -2.05134362e-01 5.70071106e+01</data></viff005_matrix>
<viff006_matrix type_id="opencv-matrix">
  <rows>3</rows>
  <cols>4</cols>
  <dt>f</dt>
  <data>
    1.73549036e+03 2.86616058e+02 -3.99303436e+01 3.83393398e+04
    1.20336227e+02 1.04650421e+02 -1.70477100e+03 4.06189141e+04
    2.05829710e-01 9.56171989e-01 -2.08252937e-01 5.69368210e+01</data></viff006_matrix>
<viff007_matrix type_id="opencv-matrix">
  <rows>3</rows>
  <cols>4</cols>
  <dt>f</dt>
  <data>
    1.65893958e+03 5.84985229e+02 -3.71738586e+01 3.82956055e+04
    1.05572014e+02 1.16911835e+02 -1.70495264e+03 4.05876055e+04
    3.64293680e-02 9.76540625e-01 -2.12229416e-01 5.69148216e+01</data></viff007_matrix>
<viff008_matrix type_id="opencv-matrix">
  <rows>3</rows>
  <cols>4</cols>
  <dt>f</dt>
  <data>
    1.53323840e+03 8.62339417e+02 -3.49404984e+01 3.82660508e+04
    9.05222321e+01 1.25863281e+02 -1.70518066e+03 4.05627656e+04
    -1.31798118e-01 9.67230141e-01 -2.17013940e-01 5.69062996e+01</data></viff008_matrix>
<viff009_matrix type_id="opencv-matrix">
  <rows>3</rows>
  <cols>4</cols>
  <dt>f</dt>
  <data>
    1.36108484e+03 1.11438062e+03 -3.56913528e+01 3.82856875e+04
    7.37366791e+01 1.30719269e+02 -1.70562378e+03 4.05729961e+04
    -2.96307206e-01 9.28701103e-01 -2.22971618e-01 5.69452744e+01</data></viff009_matrix>
<viff010_matrix type_id="opencv-matrix">
  <rows>3</rows>
  <cols>4</cols>
  <dt>f</dt>
  <data>
    1.14931763e+03 1.33162524e+03 -3.89027786e+01 3.83420469e+04
    5.63268127e+01 1.32016205e+02 -1.70618762e+03 4.06110820e+04
    -4.50774193e-01 8.62663627e-01 -2.29377598e-01 5.70208435e+01</data></viff010_matrix>
<viff011_matrix type_id="opencv-matrix">
  <rows>3</rows>
  <cols>4</cols>
  <dt>f</dt>
  <data>
    8.97676819e+02 1.51255188e+03 -4.50878525e+01 3.84024766e+04
    3.73963013e+01 1.29833435e+02 -1.70687488e+03 4.06455625e+04
    -5.94592333e-01 7.68707812e-01 -2.35686705e-01 5.70933418e+01</data></viff011_matrix>
<viff012_matrix type_id="opencv-matrix">
  <rows>3</rows>
  <cols>4</cols>
  <dt>f</dt>
  <data>
    6.23227417e+02 1.64451331e+03 -5.32321854e+01 3.84591953e+04
    1.90091553e+01 1.24147705e+02 -1.70760156e+03 4.06678125e+04
    -7.17723608e-01 6.53101325e-01 -2.41519123e-01 5.71443672e+01</data></viff012_matrix>
<viff013_matrix type_id="opencv-matrix">
  <rows>3</rows>
  <cols>4</cols>
  <dt>f</dt>
  <data>
    3.25271973e+02 1.72800037e+03 -6.23128128e+01 3.84790859e+04
    3.81774902e-01 1.15935577e+02 -1.70828455e+03 40653. -8.20648611e-01
    5.15732050e-01 -2.46081799e-01 5.71410103e+01</data></viff013_matrix>
<viff014_matrix type_id="opencv-matrix">
  <rows>3</rows>
  <cols>4</cols>
  <dt>f</dt>
  <data>
    1.91838379e+01 1.75790552e+03 -7.12036285e+01 3.84762422e+04
    -1.69557800e+01 1.05555298e+02 -1.70887329e+03 4.06099766e+04
    -8.97567809e-01 3.63525182e-01 -2.49442235e-01 5.70950470e+01</data></viff014_matrix>
<viff015_matrix type_id="opencv-matrix">
  <rows>3</rows>
  <cols>4</cols>
  <dt>f</dt>
  <data>
    -2.88971252e+02 1.73374963e+03 -7.92331924e+01 3.84689688e+04
    -3.18881531e+01 9.35869751e+01 -1.70935706e+03 4.05611719e+04
    -9.46892619e-01 1.99557841e-01 -2.52133071e-01 5.70401421e+01</data></viff015_matrix>
<viff016_matrix type_id="opencv-matrix">
  <rows>3</rows>
  <cols>4</cols>
  <dt>f</dt>
  <data>
    -5.84328308e+02 1.65729736e+03 -8.71551285e+01 3.84805664e+04
    -4.39240112e+01 7.97840576e+01 -1.70979016e+03 4.05340859e+04
    -9.66593921e-01 3.17445435e-02 -2.54339248e-01 5.70095901e+01</data></viff016_matrix>
<viff017_matrix type_id="opencv-matrix">
  <rows>3</rows>
  <cols>4</cols>
  <dt>f</dt>
  <data>
    -8.60967041e+02 1.53144580e+03 -9.52876282e+01 3.85122070e+04
    -5.24841309e+01 6.44890900e+01 -1.71019397e+03 4.05267578e+04
    -9.56924856e-01 -1.36291564e-01 -2.56358117e-01 5.70044289e+01</data></viff017_matrix>
<viff018_matrix type_id="opencv-matrix">
  <rows>3</rows>
  <cols>4</cols>
  <dt>f</dt>
  <data>
    -1.11267419e+03 1.35899854e+03 -1.03678955e+02 3.85742109e+04
    -5.74075317e+01 4.83319855e+01 -1.71056885e+03 4.05501172e+04
    -9.18084264e-01 -3.00746709e-01 -2.58210540e-01 5.70415726e+01</data></viff018_matrix>
<viff019_matrix type_id="opencv-matrix">
  <rows>3</rows>
  <cols>4</cols>
  <dt>f</dt>
  <data>
    -1.32961694e+03 1.14666309e+03 -1.13810501e+02 3.86597812e+04
    -5.84741211e+01 3.00318909e+01 -1.71095166e+03 4.05913438e+04
    -8.51633132e-01 -4.55475807e-01 -2.59350628e-01 5.70995483e+01</data></viff019_matrix>
<viff020_matrix type_id="opencv-matrix">
  <rows>3</rows>
  <cols>4</cols>
  <dt>f</dt>
  <data>
    -1.50849780e+03 8.97122803e+02 -1.23591400e+02 3.87634961e+04
    -5.57141418e+01 1.26707458e+01 -1.71126050e+03 4.06543320e+04
    -7.58221328e-01 -5.97847283e-01 -2.60151893e-01 5.71876106e+01</data></viff020_matrix>
<viff021_matrix type_id="opencv-matrix">
  <rows>3</rows>
  <cols>4</cols>
  <dt>f</dt>
  <data>
    -1.64021069e+03 6.22494629e+02 -1.33713348e+02 3.88399219e+04
    -4.99010925e+01 -6.08285522e+00 -1.71147607e+03 4.06908555e+04
    -6.42511785e-01 -7.21149564e-01 -2.59078979e-01 5.72297783e+01</data></viff021_matrix>
<viff022_matrix type_id="opencv-matrix">
  <rows>3</rows>
  <cols>4</cols>
  <dt>f</dt>
  <data>
    -1.72431299e+03 3.19430725e+02 -1.42753891e+02 3.88649023e+04
    -4.08651428e+01 -2.46861877e+01 -1.71154846e+03 4.06968359e+04
    -5.02630949e-01 -8.25586379e-01 -2.56455183e-01 5.72273750e+01</data></viff022_matrix>
<viff023_matrix type_id="opencv-matrix">
  <rows>3</rows>
  <cols>4</cols>
  <dt>f</dt>
  <data>
    -1.75314246e+03 1.29158325e+01 -1.48306473e+02 3.88720820e+04
    -3.05921173e+01 -4.17814331e+01 -1.71143079e+03 4.06640781e+04
    -3.50142151e-01 -9.02134120e-01 -2.52100229e-01 5.71641693e+01</data></viff023_matrix>
<viff024_matrix type_id="opencv-matrix">
  <rows>3</rows>
  <cols>4</cols>
  <dt>f</dt>
  <data>
    -1.72855115e+03 -2.91248749e+02 -1.51509781e+02 3.88534648e+04
    -1.80470428e+01 -5.64883423e+01 -1.71118689e+03 4.06310859e+04
    -1.88196450e-01 -9.50549185e-01 -2.47059390e-01 5.70959473e+01</data></viff024_matrix>
